mse: 4.9776014421354375e-09
rmse: 6.730367749696597e-05
mae: 3.789496622630395e-05
recovery_pck: 1.0
